301.010010; 1; 
308.649994; 31; 
310.000000; 1; 
330.000000; 3; 
340.000000; 10; 
355.000000; 5; 
360.000000; 32; 
365.000000; 1; 
366.579987; 2; 
371.000000; 4; 
380.000000; 15; 
381.010010; 10; 
382.109985; 10; 
382.980011; 8; 
383.149994; 8; 
385.000000; 30; 
385.049988; 1; 
385.260010; 3; 
385.410004; 3; 
385.420013; 4; 
385.480011; 3; 
385.519989; 11; 
385.529999; 52; 
385.540009; 12; 
385.549988; 22; 
385.559998; 6; 
385.570007; 18; 
385.579987; 44; 
385.589996; 7; 
385.600006; 50; 
385.609985; 11; 
385.619995; 11; 
385.630005; 24; 
385.640015; 30; 
385.649994; 13; 
385.660004; 4; 
385.670013; 19; 
385.679993; 282; 
385.690002; 120; 
385.700012; 67; 
385.709991; 65; 
385.720001; 4; 
385.730011; 9; 
385.739990; 6; 
385.750000; 14; 
385.760010; 10; 
385.769989; 13; 
385.779999; 9; 
385.790009; 15; 
385.799988; 8; 
385.809998; 76; 
385.820007; 17; 
385.829987; 17; 
385.839996; 35; 
385.850006; 72; 
385.859985; 34; 
385.869995; 13; 
385.880005; 25; 
385.890015; 4; 
385.899994; 13; 
385.910004; 2; 
385.920013; 2; 
385.929993; 5; 
385.950012; 6; 
385.980011; 3; 
